{
    "length": 55.5768156424581,
    "str_em": 0,
    "str_hit": 0,
    "rougeLsum": 34.0066997971216,
    "QA-EM": 0,
    "QA-F1": 0,
    "QA-Hit": 0,
    "mauve": 0.848833545338289,
    "citation_rec": 24.68409151370045,
    "citation_prec": 24.871973929236496
}