{
    "length": 88.5768156424581,
    "str_em": 0,
    "str_hit": 0,
    "rougeLsum": 40.83103739141601,
    "QA-EM": 0,
    "QA-F1": 0,
    "QA-Hit": 0,
    "mauve": 2.747321270688068,
    "citation_rec": 47.40468253038085,
    "citation_prec": 67.2343597588011
}