{
    "length": 86.18016759776536,
    "str_em": 0,
    "str_hit": 0,
    "rougeLsum": 32.40399158057507,
    "QA-EM": 0,
    "QA-F1": 0,
    "QA-Hit": 0,
    "mauve": 2.7309150240800286,
    "citation_rec": 42.04406015899608,
    "citation_prec": 64.41745366675534
}