{
    "length": 87.81145251396649,
    "str_em": 0,
    "str_hit": 0,
    "rougeLsum": 32.48537108413198,
    "QA-EM": 0,
    "QA-F1": 0,
    "QA-Hit": 0,
    "mauve": 2.7577326592664044,
    "citation_rec": 44.9487084267296,
    "citation_prec": 69.30566640063847
}